yellow bird coordinates
body_mc
155.95
187.25
0
tail_mc
214.3
156.05
0
wing_All_R_mc
154.2
60.4
90
wing_1_R_mc
203.8
173.2
0
wing_2_R_mc
226.95
127.95
17.54498291015625
wing_All_L_mc
154.2
318.4
90
wing_1_L_mc
203.8
205.6
0
wing_2_L_mc
226.95
250.85
17.54498291015625
//
body_mc
155.95
187.25
0
tail_mc
214.3
156.05
0
wing_All_R_mc
154.2
60.4
85.95452880859375
wing_1_R_mc
203.8
173.2
0
wing_2_R_mc
226.95
127.95
20.277297973632813
wing_All_L_mc
154.2
318.4
85.95452880859375
wing_1_L_mc
203.8
205.6
0
wing_2_L_mc
226.95
250.85
20.277297973632813
//
body_mc
155.95
187.25
0
tail_mc
214.3
156.05
0
wing_All_R_mc
154.2
60.4
79.24020385742188
wing_1_R_mc
203.8
173.2
0
wing_2_R_mc
226.95
127.95
25.545516967773438
wing_All_L_mc
154.2
318.4
79.24020385742188
wing_1_L_mc
203.8
205.6
0
wing_2_L_mc
226.95
250.85
25.545516967773438
//
body_mc
155.95
187.25
0
tail_mc
214.3
156.05
0
wing_All_R_mc
154.2
60.4
70.22509765625
wing_1_R_mc
203.8
173.2
0
wing_2_R_mc
226.95
127.95
30.812088012695313
wing_All_L_mc
154.2
318.4
70.22509765625
wing_1_L_mc
203.8
205.6
0
wing_2_L_mc
226.95
250.85
30.812088012695313
//
body_mc
155.95
187.25
0
tail_mc
214.3
156.05
0
wing_All_R_mc
154.2
60.4
58.9056396484375
wing_1_R_mc
203.8
173.2
0
wing_2_R_mc
226.95
127.95
36.08131408691406
wing_All_L_mc
154.2
318.4
58.9056396484375
wing_1_L_mc
203.8
205.6
0
wing_2_L_mc
226.95
250.85
36.08131408691406
//
body_mc
155.95
187.25
0
tail_mc
214.3
156.05
0
wing_All_R_mc
154.2
60.4
45
wing_1_R_mc
203.8
173.2
0
wing_2_R_mc
226.95
127.95
41.32914733886719
wing_All_L_mc
154.2
318.4
45
wing_1_L_mc
203.8
205.6
0
wing_2_L_mc
226.95
250.85
41.32914733886719
//
body_mc
155.95
187.25
0
tail_mc
214.3
156.05
0
wing_All_R_mc
154.2
60.4
36.835693359375
wing_1_R_mc
203.8
173.2
0
wing_2_R_mc
226.95
127.95
36.08074951171875
wing_All_L_mc
154.2
318.4
36.835693359375
wing_1_L_mc
203.8
205.6
0
wing_2_L_mc
226.95
250.85
36.08074951171875
//
body_mc
155.95
187.25
0
tail_mc
214.3
156.05
0
wing_All_R_mc
154.2
60.4
28.581558227539063
wing_1_R_mc
203.8
173.2
0
wing_2_R_mc
226.95
127.95
30.810791015625
wing_All_L_mc
154.2
318.4
28.581558227539063
wing_1_L_mc
203.8
205.6
0
wing_2_L_mc
226.95
250.85
30.810791015625
//
body_mc
155.95
187.25
0
tail_mc
214.3
156.05
0
wing_All_R_mc
154.2
60.4
20.330368041992188
wing_1_R_mc
203.8
173.2
0
wing_2_R_mc
226.95
127.95
25.54266357421875
wing_All_L_mc
154.2
318.4
20.330368041992188
wing_1_L_mc
203.8
205.6
0
wing_2_L_mc
226.95
250.85
25.54266357421875
//
body_mc
155.95
187.25
0
tail_mc
214.3
156.05
0
wing_All_R_mc
154.2
60.4
12.272323608398438
wing_1_R_mc
203.8
173.2
0
wing_2_R_mc
226.95
127.95
20.276535034179688
wing_All_L_mc
154.2
318.4
12.272323608398438
wing_1_L_mc
203.8
205.6
0
wing_2_L_mc
226.95
250.85
20.276535034179688
//
body_mc
155.95
187.25
0
tail_mc
214.3
156.05
0
wing_All_R_mc
154.2
60.4
4.0341644287109375
wing_1_R_mc
203.8
173.2
0
wing_2_R_mc
226.95
127.95
14.999740600585938
wing_All_L_mc
154.2
318.4
4.0341644287109375
wing_1_L_mc
203.8
205.6
0
wing_2_L_mc
226.95
250.85
14.999740600585938
//
body_mc
155.95
187.25
0
tail_mc
214.3
156.05
0
wing_All_R_mc
154.2
60.4
-4.0393829345703125
wing_1_R_mc
203.8
173.2
0
wing_2_R_mc
226.95
127.95
10.053604125976563
wing_All_L_mc
154.2
318.4
-4.0393829345703125
wing_1_L_mc
203.8
205.6
0
wing_2_L_mc
226.95
250.85
10.053604125976563
//
body_mc
155.95
187.25
0
tail_mc
214.3
156.05
0
wing_All_R_mc
154.2
60.4
-4.01068115234375
wing_1_R_mc
203.8
173.2
0
wing_2_R_mc
226.95
127.95
5.2864837646484375
wing_All_L_mc
154.2
318.4
-4.01068115234375
wing_1_L_mc
203.8
205.6
0
wing_2_L_mc
226.95
250.85
5.2864837646484375
//
body_mc
155.95
187.25
0
tail_mc
214.3
156.05
0
wing_All_R_mc
154.2
60.4
-4.0393829345703125
wing_1_R_mc
203.8
173.2
0
wing_2_R_mc
226.95
127.95
0.5193023681640625
wing_All_L_mc
154.2
318.4
-4.0393829345703125
wing_1_L_mc
203.8
205.6
0
wing_2_L_mc
226.95
250.85
0.5193023681640625
//
body_mc
155.95
187.25
0
tail_mc
214.3
156.05
0
wing_All_R_mc
154.2
60.4
26.079727172851563
wing_1_R_mc
203.8
173.2
0
wing_2_R_mc
226.95
127.95
-4.0576629638671875
wing_All_L_mc
154.2
318.4
26.079727172851563
wing_1_L_mc
203.8
205.6
0
wing_2_L_mc
226.95
250.85
-4.0576629638671875
//
body_mc
155.95
187.25
0
tail_mc
214.3
156.05
0
wing_All_R_mc
154.2
60.4
51.90809631347656
wing_1_R_mc
203.8
173.2
0
wing_2_R_mc
226.95
127.95
-9.036773681640625
wing_All_L_mc
154.2
318.4
51.90809631347656
wing_1_L_mc
203.8
205.6
0
wing_2_L_mc
226.95
250.85
-9.036773681640625
//
body_mc
155.95
187.25
0
tail_mc
214.3
156.05
0
wing_All_R_mc
154.2
60.4
73.21961975097656
wing_1_R_mc
203.8
173.2
0
wing_2_R_mc
226.95
127.95
2.8067626953125
wing_All_L_mc
154.2
318.4
73.21961975097656
wing_1_L_mc
203.8
205.6
0
wing_2_L_mc
226.95
250.85
2.8067626953125
//
body_mc
155.95
187.25
0
tail_mc
214.3
156.05
0
wing_All_R_mc
154.2
60.4
90
wing_1_R_mc
203.8
173.2
0
wing_2_R_mc
226.95
127.95
14.999740600585938
wing_All_L_mc
154.2
318.4
90
wing_1_L_mc
203.8
205.6
0
wing_2_L_mc
226.95
250.85
14.999740600585938
end
